TTC:
  Density: 6.3850637831733596e+18
  RIndexEnergyBin: [3.5239999999999996e-06, 2.5040000000000001e-06]
  RIndex: [1.5800000000000001, 1.5800000000000001]
  AbsLengthEnergyBin: [3.5239999999999996e-06, 2.5040000000000001e-06]
  AbsLength: [1200, 1200]
  ScintillationComponent1EnergyBin: [2.5048191359999997e-06, 2.5215929879999997e-06, 2.5394082549999998e-06, 2.557477046e-06, 2.5758048120000001e-06, 2.59439716e-06, 2.613259861e-06, 2.6323988560000001e-06, 2.6518202590000001e-06, 2.6715303679999998e-06, 2.6915356689999997e-06, 2.7118428419999998e-06, 2.7324587739999998e-06, 2.7533905589999999e-06, 2.774645512e-06, 2.796231176e-06, 2.818155329e-06, 2.8404259969999997e-06, 2.863051459e-06, 2.8860402619999997e-06, 2.906394904e-06, 2.9233840569999999e-06, 2.944410319e-06, 2.9628166469999998e-06, 2.9806857639999997e-06, 2.9976349309999997e-06, 3.0101159850000001e-06, 3.0198884019999997e-06, 3.0367759889999999e-06, 3.0537087959999998e-06, 3.0695663019999997e-06, 3.0870156739999997e-06, 3.1047393589999998e-06, 3.1260962919999997e-06, 3.1505081699999999e-06, 3.178367427e-06, 3.206723788e-06, 3.230303556e-06, 3.2475502049999997e-06, 3.2584201179999999e-06, 3.270591444e-06, 3.2820043149999998e-06, 3.2894295909999997e-06, 3.2972040659999997e-06, 3.3059324029999999e-06, 3.3146149999999998e-06, 3.3218275659999999e-06, 3.3293965959999998e-06, 3.3386341349999999e-06, 3.350137711e-06, 3.3697312159999998e-06, 3.3939050159999998e-06, 3.4232906859999998e-06, 3.456208313e-06, 3.4897651439999998e-06, 3.5239799799999999e-06]
  ScintillationComponent1: [3.0992573750000001, 3.6005827560000001, 4.1777717059999997, 4.8314657680000002, 6.0763021400000001, 6.9157883120000001, 7.5840402789999999, 8.4812051180000001, 9.6318164409999998, 10.606921549999999, 12.06332877, 13.84358499, 16.064328100000001, 18.409280039999999, 21.321135850000001, 24.993042689999999, 29.413093400000001, 33.204577620000002, 37.917196599999997, 43.124058769999998, 47.900591599999998, 52.760379280000002, 57.971199400000003, 64.133027549999994, 70.178707309999993, 76.291471459999997, 81.327752869999998, 85.312945929999998, 91.575461750000002, 97.979063980000006, 104.4194155, 111.8734693, 117.1275661, 121.0455413, 123.73638440000001, 122.6795446, 118.88439219999999, 112.0745972, 105.2053533, 98.39699985, 89.230849550000002, 80.115165989999994, 74.036306519999997, 67.409141009999999, 60.238385559999998, 53.485352280000001, 46.134707229999997, 40.481726829999999, 33.515501, 27.036454710000001, 19.725718789999998, 13.20465403, 7.5350382890000001, 3.3747471359999999, 1.4831186119999999, 0.33531681099999999]
  ScintillationYield: 10200
  ScintillationRiseTimeConstant1: 0.5
  ScintillationDcayTimeConstant1: 1.3999999999999999