TTC:
  Density: 6.553584528e+18
  RIndexEnergyBin: [3.5239999999999996e-06, 2.5040000000000001e-06]
  RIndex: [1.5800000000000001, 1.5800000000000001]
  AbsLengthEnergyBin: [3.5239999999999996e-06, 2.5040000000000001e-06]
  AbsLength: [2500, 2500]
  ScintillationComponent1EnergyBin: [2.364652e-06,2.383758e-06,2.405135e-06,2.426898e-06,2.449058e-06,2.471627e-06,2.494616e-06,2.518037e-06,2.541901e-06,2.566222e-06,2.591013e-06,2.616288e-06,2.640878e-06,2.662326e-06,2.680468e-06,2.696392e-06,2.710014e-06,2.722518e-06,2.735138e-06,2.749156e-06,2.765909e-06,2.789445e-06,2.818761e-06,2.8487e-06,2.872274e-06,2.886324e-06,2.897663e-06,2.907659e-06,2.916281e-06,2.924242e-06,2.935627e-06,2.947291e-06,2.9558e-06,2.966124e-06,2.975098e-06,2.982617e-06,2.990174e-06,2.99777e-06,3.003875e-06,3.010004e-06,3.016159e-06,3.022338e-06,3.028543e-06,3.034774e-06,3.04103e-06,3.047312e-06,3.05362e-06,3.059955e-06,3.066315e-06,3.072702e-06,3.079116e-06]
  ScintillationComponent1: [0.434403,1.582292,3.084886,4.612752,6.271417,8.051304,10.12726,12.376528,14.988649,17.939165,21.472481,25.741068,30.767769,35.904437,41.161412,46.389252,51.290832,55.99863,60.371415,65.183536,69.599645,72.422953,72.822121,73.213013,76.559015,80.622638,85.027247,89.716946,94.083527,98.012299,100.0,98.816769,95.760048,89.251097,82.966493,77.479502,71.70861,65.792378,61.000588,56.047106,50.934253,46.157431,40.828953,35.836262,30.591153,25.485149,20.323703,15.011678,9.934578,4.612821,0.0]
  ScintillationYield: 7600
  ScintillationRiseTimeConstant1: 1.0
  ScintillationDcayTimeConstant1: 2.4